21	5014472	5016934	1	1	1	0	1	20
21	6484917	6486137	2	2	1	0	1	20
21	10482860	10485617	1	1	1	1	0	23
21	10578606	10590461	1	1	1	1	0	7
21	10649707	10649789	2	2	1	1	0	6
21	13932375	13935514	2	2	1	1	0	9
21	14224538	14226879	1	1	1	1	0	15
21	14616017	14643001	2	2	1	1	0	18
21	16607088	16613449	1	1	1	0	1	1
21	25135052	25135207	1	3	1	1	0	9
21	25601468	25603795	2	2	1	0	1	1
21	26158268	26175609	1	1	1	1	0	16
21	26416937	26417942	1	1	1	0	1	1
21	29182231	29187672	2	2	1	1	0	6
21	31667376	31668470	1	1	1	1	0	15
21	32759995	32761058	2	2	1	1	0	8
21	33248855	33252661	1	1	1	1	0	9
21	37367629	37410569	1	1	1	1	0	15
21	39298583	39312840	2	2	1	1	0	6
21	39343160	39345145	2	2	1	1	0	11
21	42347633	42349880	2	2	1	1	0	19
21	42472871	42475897	2	2	1	0	1	2
21	42772521	42775279	1	1	1	1	0	17
21	43093250	43094470	2	2	1	0	1	20
21	44246563	44249025	2	2	1	0	1	20
21	44510800	44510938	1	1	1	1	0	2
21	44940187	44943683	1	1	1	1	0	19
21	44960169	44967033	1	1	1	0	1	25
21	45300540	45302257	0	0	1	1	0	18
21	46126238	46126502	1	1	1	0	1	10
21	46126542	46129195	1	1	1	0	1	1
21	46126542	46131953	1	1	1	0	1	1
21	46286989	46296161	1	1	1	0	1	1
21	46296231	46297538	1	1	1	1	0	15
21	46545274	46545880	1	1	1	1	0	9
4	189575543	189576469	1	1	0	1	0	15
6	107040231	107044259	1	1	1	1	0	15
