229
795
1135
1412
1449
1461
1494
1500
1774
2032
2151
2224
2343
2353
2441
2840
2874
2924
2925
2988
3099
3407
3455
3560
3723
3992
4152
4328
4339
4363
4429
4484
4515
4579
4603
4712
4875
5127
5128
5302
5320
5371
5470
5629
5690
5849
6011
6074
6081
6145
6294
6568
6811
6819
6830
6970
7212
7404
7642
7871
7885
7941
8220
8897
8968
9229
9403
9673
10114
10257
10498
10522
10630
10712
10771
10809
10859
11020
11602
11649
11701
11755
11779
11849
11882
12052
12236
12391
12414
12528
12617
12671
12849
12979
13067
13166
13316
13343
13632
14011
14260
14296
14315
14417
14449
14768
14874
14907
14966
15013
15140
15161
15275
15536
15705
15785
15870
15936
16019
16047
16082
16130
16327
16428
16656
17097
17159
17298
17331
17628
17844
18026
18040
18177
18297
18342
18600
18769
18777
19040
19194
19265
19291
19304
19424
19626
19758
19855
19996
20088
20175
20371
20381
20438
20554
20679
20683
20709
21014
21031
21045
21066
21067
21494
21547
21600
21689
21788
21845
22029
22057
22393
22451
22504
22506
22667
22775
22911
23047
23113
23223
23414
23585
23764
23900
23944
23989
24068
24088
24182
24328
24367
25054
25157
25227
25245
25464
25518
25525
25664
25734
25864
26003
26069
26078
26212
26227
26535
26544
26556
26570
26586
26613
26647
26772
27036
27579
27762
27831
27933
28230
28231
28514
28520
28548
28690
28754
28803
29047
29252
29435
29624
29668
29728
29851
30081
30145
30176
30201
30346
30479
30599
30891
31022
31094
31125
31251
31255
31262
31770
31844
31916
32110
32150
32211
32301
32390
32596
32619
32673
33370
33423
33598
33825
34056
34121
34335
34376
34616
34728
34824
34899
35420
35493
35558
35718
35867
36131
36214
36247
36422
36492
36525
36791
36879
36974
36981
37491
37892
38194
38468
38614
38647
38666
38774
38922
39220
39275
39396
39484
39546
39797
40189
40324
40459
40563
40617
40722
40754
40781
41196
41360
41452
41607
41697
41708
41960
42041
42172
42180
42308
42788
43061
43138
43379
43674
43707
44292
44324
44389
44437
44440
44493
44510
44511
44528
44595
44666
44696
44735
44809
44857
44988
406
825
2623
2807
2822
3759
4916
5084
7049
7685
7830
10332
11167
11829
13037
14029
15803
16563
17669
17797
18057
21097
22752
23092
23211
23636
23861
24195
26460
26733
26871
27312
27520
27982
29373
30159
30218
31040
32407
32683
33652
35166
35834
36842
37069
37398
37810
37940
38806
39947
40592
40696
41989
42094
42651
43716
44945
773
1552
3953
5407
6875
7715
12293
14519
15388
26891
29805
32112
33379
35618
41695
42879
645
695
3646
4383
5577
6332
6837
7665
8631
9148
9897
12204
12215
12561
15939
16261
16337
16790
17846
19643
20963
21182
21634
23244
24105
25790
26009
27334
27794
28299
28692
29433
29939
31174
31278
34053
34340
34576
36359
38049
39219
39384
39616
39686
40169
40860
41057
43058
43251
44043
44657
45185
