10148
20398
20544
50280
50678
70368
70471
110270
130324
150315
150377
160593
240156
270053
290343
290762
360301
380408
430338
430564
450397
460326
460593
520368
540148
610048
610156
610537
610554
610561
620064
620131
620239
620327
650020
650110
650343
650719
830563
840278
840661
870161
940484
940500
990056
990435
1010168
1010170
1010600
1030068
1030632
1050215
1050553
1070010
1090358
1110017
1110292
1110349
1170598
1190563
1190576
1190735
1230280
1230672
1240201
1260370
1300202
1340328
1340717
1400315
1410181
1410189
1430187
1430605
1450451
1470093
1470392
1470414
1500044
1500390
1510014
1510441
1580156
1660551
1690066
1710228
1740201
1740521
1770209
1780142
1780360
1820132
1820703
1850114
1940220
1980091
1980598
1990156
2000093
2030403
2060164
2070220
2100537
2120114
2120204
2120289
2140463
2190349
2230014
2230731
2260110
2260253
2260528
2320228
2320324
2370202
2370347
2370368
2450088
2450136
2480095
2480112
2490044
2490543
2490605
2490685
2570291
2570370
2570703
2600180
2600491
2600519
2640008
2640079
2640161
2640427
2650681
2680360
2680576
2690743
2710008
2710470
2710671
2750356
2750634
2750750
2760139
2760273
2760364
2760382
2850551
2900411
3060044
3060162
3130563
3130711
3140541
3170315
3170564
3180653
3190273
3190612
3310053
3310110
3310307
3310468
3310600
3360148
3370577
3390370
3390458
3390494
3390747
3400497
3420129
3440132
3440152
3440292
3450445
3460307
3460605
3460731
3520041
3520156
3610332
3610433
3710050
3780435
3800091
3800202
3830102
3830220
3840121
3840553
3850435
3850615
3890338
3890373
3930424
3930703
3990441
4010195
4010215
4010370
4010373
4040709
4050192
4060368
4070341
4150386
4180475
4200328
4210121
4220379
4220605
4230184
4250471
4250497
4260554
4280132
4280138
4280504
4290020
4390079
4390438
4480647
4490059
4490450
4490541
4560259
4560373
4590102
4610079
4610193
4610731
4730167
4760079
4760228
4780176
4780193
4780553
4810246
4810347
4830110
4880168
4880243
4890240
4890348
4900040
4920053
4920176
5050240
5050368
5050746
5080066
5080292
5080328
5080343
5090743
5130390
5220427
5260437
5270095
5270300
5290132
5290673
5340035
5340347
5340762
5390072
5390328
5390338
5420435
5420524
5490470
5490544
5560014
5560543
5570195
5570242
5670072
5670719
5690241
5700068
5720026
5720603
5810332
5810630
5820386
5820689
5860056
5860138
5860377
5870543
5890092
5890131
5900114
5900682
5910082
5960484
5960626
6020440
6020451
6020504
6040209
6060133
6060326
6060377
6060646
6100491
6110152
6110601
6130066
6180332
6180482
6200041
6200148
6200367
6200379
6220168
6220300
6220551
6220577
6250053
6250286
6250326
6270743
6280070
6280239
6280626
6280682
6330092
6330400
6350563
6380010
6380187
6380438
6380709
6400195
6400750
6420575
6450059
6450154
6480270
6480364
6480408
6480609
6480669
6510133
6520072
6520577
6550681
6580703
6590181
6620300
6620709
6660296
6760300
6770022
6770209
6770347
6770576
6840300
6860039
6900017
6900086
6900670
6940025
6980167
6980470
6980471
7050278
7200156
7200192
7200689
7210605
7210722
7320400
7320437
7320497
7330097
7380167
7380220
7400368
7510408
7550181
7560424
7570484
7570598
7650064
130039
360725
620440
780093
990725
1090112
1190100
1430484
1470431
1770039
2030037
2070079
2260594
2320184
2320685
2570707
2940440
3190064
4040632
4050019
4200482
4260626
4390195
4850470
4900739
4920736
5130543
5420367
5670022
5860162
6220402
6380528
6560180
6960088
7050661
7210278
620482
1400543
1940066
2640259
3170746
3390167
4050523
4250369
5560181
5570079
5690300
6060328
6060615
6350270
6560228
6660450
6900056
7100707
7570168
7610079
2970133
6510433
5340398
2470554
6510097
1450164
650278
670309
1230047
4390468
5890477
5870576
3290327
4880196
3930241
1450102
3180243
3400164
6180180
5570452
5870475
6960537
6550056
6480368
7040162
1690678
10196
6510068
5870672
6110754
3190075
5690603
5050376
